40 70 99 19 4 84 6 89 58 75 29 61 77 83 98 21 62 29 28 10
64 88 25 71 91 44 9 78 93 46 62 93 82 69 43 66 76 65 64 67
33 62 49 45 6 84 11 38 49 31 48 5 26 85 86 89 36 23 69 77
50 98 12 45 54 82 12 7 100 1 73 11 22 43 39 26 82 61 98 41
76 24 4 85 25 80 25 33 45 91 29 96 81 17 71 2 46 16 18 99
8 11 25 57 92 73 25 12 77 32 62 16 82 88 29 33 94 98 84 31
75 29 15 17 41 66 45 50 77 39 85 31 36 46 91 42 48 32 85 36
51 55 39 8 67 86 45 54 84 79 97 60 92 82 33 66 52 71 76 3
61 9 3 74 5 49 66 59 16 46 37 5 51 27 40 72 61 19 56 47
73 22 3 65 56 6 13 78 94 55 77 95 60 54 94 61 31 100 82 66
8 64 97 41 73 84 57 51 14 25 76 84 53 11 86 71 44 67 47 2
100 54 18 96 36 40 3 70 22 45 35 65 88 71 59 46 93 89 91 98
12 65 100 17 98 95 45 17 99 81 98 48 19 70 42 97 35 67 54 100
34 3 37 100 53 35 43 36 66 18 41 9 52 93 53 3 78 50 92 9
55 24 55 45 88 76 9 46 41 68 36 38 31 63 60 7 92 79 60 52
74 32 45 21 53 96 63 71 2 84 18 86 55 21 3 43 51 88 99 30
43 30 47 37 10 78 53 90 26 82 56 69 37 29 48 78 55 96 6 36
15 4 53 57 58 4 87 15 78 31 68 86 42 87 89 1 27 28 7 91
68 27 36 1 86 74 55 34 84 6 95 90 38 88 42 21 30 71 90 47
85 23 94 76 3 9 77 18 58 2 91 99 56 66 31 57 14 85 23 26
19 35 75 43 3 26 29 40 67 43 21 57 29 57 43 14 84 52 17 31
39 22 90 19 81 48 11 40 61 33 72 8 83 89 50 86 41 30 73 24
20 8 41 48 74 72 80 96 79 28 13 87 70 18 76 68 35 4 90 65
32 6 75 68 95 57 88 89 20 6 5 53 41 86 58 95 90 45 72 1
23 90 23 84 44 86 4 28 67 45 49 70 31 99 41 18 89 76 7 62
51 48 94 13 31 25 20 8 65 4 73 17 11 18 82 91 48 38 63 3
34 98 55 10 65 63 56 79 59 52 9 78 77 80 21 22 64 53 59 79
59 36 15 78 81 74 22 67 76 4 77 66 28 25 69 78 84 93 9 70
42 100 24 11 84 94 47 27 18 15 60 81 67 84 9 73 40 32 47 80
94 81 59 46 51 90 80 49 69 6 2 86 2 91 5 38 88 100 19 48
74 70 42 39 34 33 68 81 99 80 20 21 58 90 79 7 27 73 28 41
94 31 50 41 28 57 66 45 14 4 100 64 32 57 100 57 94 21 57 90
98 93 80 82 91 18 7 31 32 68 77 3 93 64 32 39 68 94 95 75
73 88 68 10 57 43 97 85 17 74 23 21 71 60 44 82 81 54 99 3
86 30 68 97 62 12 97 94 41 100 46 94 90 17 89 60 36 99 72 43
30 36 51 57 70 81 46 71 17 43 7 63 69 39 25 27 42 15 59 43
25 96 81 10 52 19 51 8 84 55 74 18 33 56 58 45 82 92 36 34
69 15 73 50 59 43 71 38 11 72 6 32 91 67 82 28 34 64 2 60
15 48 93 2 61 79 66 86 76 88 31 15 24 97 36 92 60 80 47 28
55 80 37 4 10 28 27 70 38 13 61 45 60 43 8 20 90 37 88 52
87 92 53 57 20 31 91 1 100 79 42 60 62 37 18 52 66 9 99 38
72 53 81 18 73 42 32 63 94 57 35 50 8 36 21 57 55 71 69 50
79 65 29 64 24 16 8 12 69 93 94 71 29 83 58 49 90 30 45 58
87 88 62 40 54 65 38 94 92 31 13 38 14 12 82 94 32 43 57 68
2 10 72 82 83 19 51 40 95 77 82 72 35 67 31 59 60 79 7 60
8 40 22 87 73 3 78 16 88 74 62 22 62 36 25 35 11 4 67 83
38 66 99 34 15 11 78 48 31 61 33 6 44 29 24 42 21 28 98 88
98 46 95 53 28 67 94 87 54 67 94 85 94 57 82 15 24 97 5 14
89 6 91 54 40 50 27 42 82 62 22 67 64 36 55 68 9 86 68 66
8 26 7 84 53 44 54 50 94 71 92 4 69 90 24 35 2 35 26 15
35 16 40 71 32 12 99 36 80 28 98 20 43 91 88 39 41 52 52 68
3 4 46 35 66 24 55 83 8 9 52 61 27 22 62 44 99 69 43 11
95 55 87 3 87 71 94 24 64 17 13 22 11 16 59 73 100 17 39 83
69 42 94 34 21 35 97 91 11 32 78 43 37 92 60 24 69 82 100 34
41 66 76 65 64 74 61 23 100 89 46 91 79 95 86 93 7 31 95 68
11 14 17 90 36 83 11 60 65 95 95 12 79 66 43 100 65 20 90 1
41 28 9 53 33 73 49 59 77 70 8 60 53 94 74 28 48 27 76 46
49 82 9 4 44 78 35 61 5 17 24 31 55 87 67 48 71 27 80 27
25 55 70 97 27 8 86 66 27 10 88 84 65 6 95 41 19 27 33 85
72 92 80 83 43 69 24 32 46 84 74 74 47 46 67 81 52 16 66 31
42 91 65 83 62 33 8 45 71 16 54 16 99 22 15 65 78 77 7 21
60 38 51 49 82 86 67 93 27 3 25 44 33 65 42 64 56 28 59 7
29 77 62 33 68 6 59 32 59 82 67 5 75 26 83 42 60 85 4 20
24 16 52 87 86 56 5 23 14 2 67 32 100 60 54 70 79 18 74 44
80 28 3 91 80 20 75 10 56 6 40 45 77 43 83 14 1 3 38 82
17 85 73 88 41 30 71 11 13 25 55 94 90 3 86 84 47 69 79 7
56 94 32 57 55 18 39 67 91 3 21 65 17 87 67 16 25 16 90 45
70 98 35 10 58 85 88 95 54 17 54 96 72 58 22 68 52 59 14 42
44 37 22 34 38 75 44 56 23 11 84 27 16 87 36 39 60 91 28 9
15 34 79 64 99 83 56 74 53 39 14 75 44 99 8 83 10 49 27 37
71 29 55 100 100 59 85 24 47 22 11 7 18 13 97 49 46 45 70 90
73 10 9 4 73 76 57 76 21 25 3 33 16 37 90 45 31 62 14 7
9 57 57 95 33 17 40 35 94 5 99 75 97 8 30 67 27 72 11 34
86 84 42 77 72 1 38 67 82 78 29 41 66 39 30 17 96 47 26 81
8 88 90 89 39 46 88 98 79 40 37 95 65 81 25 83 43 40 57 11
10 54 95 6 36 91 5 14 54 83 33 20 35 57 75 11 12 97 86 30
17 61 43 18 3 12 15 67 57 99 50 92 53 84 35 24 61 11 6 97
32 51 39 32 98 73 82 55 91 4 78 50 77 77 70 15 97 5 14 54
65 7 7 84 34 82 90 67 64 8 37 5 58 69 52 41 59 17 38 86
97 18 9 23 60 46 11 58 82 66 38 35 33 27 42 6 91 62 24 88
56 15 21 12 41 54 67 52 61 55 76 55 63 21 53 87 43 77 91 64
49 64 20 84 25 17 60 96 57 78 31 23 22 82 64 94 58 58 45 21
26 80 90 80 69 79 48 79 19 89 24 9 94 90 21 58 23 62 39 57
74 65 95 45 17 79 69 64 15 24 34 68 30 24 41 91 26 63 99 93
41 45 24 11 32 47 47 95 84 58 58 34 60 42 23 72 78 92 81 56
24 40 77 15 20 56 2 59 10 71 45 43 80 30 25 60 53 73 68 65
81 87 3 98 94 30 67 73 38 48 76 84 59 15 17 29 47 9 82 80
74 63 8 12 56 26 33 28 56 25 92 20 35 37 97 25 9 75 11 54
68 26 81 57 60 46 15 99 42 95 38 36 76 40 3 1 74 31 94 76
19 17 67 3 74 36 92 70 73 92 6 91 85 10 6 60 91 11 63 99
7 32 5 82 79 83 6 44 59 100 43 33 65 93 72 59 6 68 4 12
15 9 94 50 6 62 68 56 83 82 1 35 79 71 70 20 90 59 45 63
42 75 18 90 46 22 61 84 96 50 98 97 52 18 6 83 42 66 3 69
7 21 92 28 62 43 45 29 92 13 36 74 28 1 75 35 47 74 50 100
55 70 67 27 61 96 96 86 94 89 88 54 96 87 63 62 96 53 58 71
9 46 52 90 89 23 5 92 51 9 14 39 36 73 87 9 27 62 34 24
89 40 67 38 3 59 96 33 79 29 4 55 100 5 15 86 53 53 92 5
7 51 6 99 45 13 89 52 11 60 19 73 90 87 59 33 81 90 52 41
88 66 78 53 80 65 17 10 12 28 44 67 62 95 58 48 96 42 42 94
44 15 99 41 22 6 73 80 72 100 35 57 52 95 68 11 91 71 18 87
